1001 15 14 4 2024 33 0 0
1001 1 2 1 2024 31 0 0
1001 1 3 1 2024 30 0 0
1001 1 4 1 2024 34 0 0
1001 1 5 1 2024 35 0 1
1001 2 9 1 2024 33 0 0
1001 2 10 1 2024 32 0 0
1002 1 2 1 2024 36 0 0
1002 1 3 1 2024 37.5 0 0
1002 1 4 1 2024 36 0 0
1002 1 5 1 2024 37 0 0
1002 2 9 1 2024 36.7 0 0
1002 2 10 1 2024 36 0 0
1002 2 11 1 2024 35.9 0 0
1002 2 12 1 2024 36.3 0 0
1002 2 13 1 2024 37 0 0
1001 2 11 1 2024 37 0 0
1001 2 12 1 2024 39 0 1
1001 2 13 1 2024 39 0 1
1001 14 1 4 2024 37 0 0
1001 14 2 4 2024 37 0 0
1001 14 3 4 2024 38 0 1
1001 14 4 4 2024 37 0 0
1001 14 5 4 2024 37 0 0
1001 14 6 4 2024 37 0 0
1001 15 8 4 2024 37 0 0
1001 15 9 4 2024 37 0 0
1001 15 10 4 2024 38 0 1
1001 15 11 4 2024 37 0 0
1001 15 12 4 2024 37 0 0
1001 15 13 4 2024 37 0 0
1001 16 15 4 2024 38 0 1
1001 16 16 4 2024 38 0 1
1001 16 17 4 2024 37 0 0
1001 16 18 4 2024 37 0 0
1001 16 19 4 2024 37 0 0
1001 16 20 4 2024 37 0 0
1002 14 1 4 2024 37 0 0
1002 14 2 4 2024 36 0 0
1002 14 3 4 2024 36 0 0
1002 14 4 4 2024 36 0 0
1002 14 5 4 2024 37 0 0
1002 14 6 4 2024 37 0 0
1002 15 8 4 2024 37 0 0
1002 15 9 4 2024 37 0 0
1002 15 10 4 2024 38 0 1
1002 15 11 4 2024 38 0 1
1002 15 12 4 2024 37 0 0
1002 15 13 4 2024 36 0 0
1002 16 15 4 2024 36 0 0
1002 16 16 4 2024 36 0 0
1002 16 17 4 2024 37 0 0
1002 16 18 4 2024 37 0 0
1002 16 19 4 2024 37 0 0
1002 16 20 4 2024 37 0 0
1003 14 1 4 2024 35 0 0
1003 14 2 4 2024 36 0 0
1003 14 3 4 2024 37 0 0
1003 14 4 4 2024 36 0 0
1003 14 5 4 2024 35 0 0
1003 14 6 4 2024 36 0 0
1003 15 8 4 2024 36 0 0
1003 15 9 4 2024 36 0 0
1003 15 10 4 2024 37 0 0
1003 15 11 4 2024 36 0 0
1003 15 12 4 2024 37 0 0
1003 15 13 4 2024 39 0 1
1003 16 15 4 2024 39 0 1
1003 16 16 4 2024 36 0 0
1003 16 17 4 2024 36 0 0
1003 16 18 4 2024 37 0 0
1003 16 19 4 2024 37 0 0
1003 16 20 4 2024 35 0 0
1004 14 1 4 2024 35 0 0
1004 14 2 4 2024 35 0 0
1004 14 3 4 2024 35 0 0
1004 14 4 4 2024 35 0 0
1004 14 5 4 2024 35 0 0
1004 14 6 4 2024 35 0 0
1004 15 8 4 2024 35 0 0
1004 15 9 4 2024 35 0 0
1004 15 10 4 2024 35 0 0
1004 15 11 4 2024 35 0 0
1004 15 12 4 2024 35 0 0
1004 15 13 4 2024 35 0 0
1004 16 15 4 2024 35 0 0
1004 16 16 4 2024 35 0 0
1004 16 17 4 2024 36 0 0
1004 16 18 4 2024 38 0 0
1004 16 19 4 2024 38 0 1
1004 16 20 4 2024 38 0 1
1005 14 1 4 2024 35 0 0
1005 14 2 4 2024 36 0 0
1005 14 3 4 2024 36 0 0
1005 14 4 4 2024 36 0 0
1005 14 5 4 2024 36 0 0
1005 14 6 4 2024 35 0 0
1005 15 8 4 2024 35 0 0
1005 15 9 4 2024 35 0 0
1005 15 10 4 2024 35 0 0
1005 15 11 4 2024 36 0 0
1005 15 12 4 2024 37 0 0
1005 15 13 4 2024 36 0 0
1005 16 15 4 2024 37 0 0
1005 16 16 4 2024 36 0 0
1005 16 17 4 2024 36 0 0
1005 16 18 4 2024 36 0 0
1005 16 19 4 2024 36 0 0
1005 16 20 4 2024 36 0 0
1006 14 1 4 2024 36 0 0
1006 14 2 4 2024 36 0 0
1006 14 3 4 2024 35 0 0
1006 14 4 4 2024 36 0 0
1006 14 5 4 2024 35 0 0
1006 14 6 4 2024 35 0 0
1006 15 8 4 2024 35 0 0
1006 15 9 4 2024 36 0 0
1006 15 10 4 2024 37 0 0
1006 15 11 4 2024 37 0 0
1006 15 12 4 2024 36 0 0
1006 15 13 4 2024 37 0 0
1006 16 15 4 2024 35 0 0
1006 16 16 4 2024 35 0 0
1006 16 17 4 2024 36 0 0
1006 16 18 4 2024 37 0 0
1006 16 19 4 2024 37 0 0
1006 16 20 4 2024 39 0 1
1007 14 1 4 2024 37 0 0
1007 14 2 4 2024 37 0 0
1007 14 3 4 2024 37 0 0
1007 14 4 4 2024 37 0 0
1007 14 5 4 2024 37 0 0
1007 14 6 4 2024 36 0 0
1007 15 8 4 2024 36 0 0
1007 15 9 4 2024 36 0 0
1007 15 10 4 2024 37 0 0
1007 15 11 4 2024 37 0 0
1007 15 12 4 2024 37 0 0
1007 15 13 4 2024 37 0 0
1007 16 15 4 2024 36 0 0
1007 16 16 4 2024 37 0 0
1007 16 17 4 2024 36 0 0
1007 16 18 4 2024 37 0 0
1007 16 19 4 2024 36 0 0
1007 16 20 4 2024 37 0 0
1008 14 1 4 2024 37 0 0
1008 14 2 4 2024 35 0 0
1008 14 3 4 2024 37 0 0
1008 14 4 4 2024 35 0 0
1008 14 5 4 2024 35 0 0
1008 14 6 4 2024 35 0 0
1008 15 8 4 2024 35 0 0
1008 15 9 4 2024 35 0 0
1008 15 10 4 2024 35 0 0
1008 15 11 4 2024 35 0 0
1008 15 12 4 2024 35 0 0
1008 15 13 4 2024 35 0 0
1008 16 15 4 2024 35 0 0
1008 16 16 4 2024 35 0 0
1008 16 17 4 2024 36 0 0
1008 16 18 4 2024 35 0 0
1008 16 19 4 2024 35 0 0
1008 16 20 4 2024 35 0 0
1009 14 1 4 2024 37 0 0
1009 14 2 4 2024 37 0 0
1009 14 3 4 2024 37 0 0
1009 14 4 4 2024 37 0 0
1009 14 5 4 2024 37 0 0
1009 14 6 4 2024 37 0 0
1009 15 8 4 2024 37 0 0
1009 15 9 4 2024 36 0 0
1009 15 10 4 2024 37 0 0
1009 15 11 4 2024 37 0 0
1009 15 12 4 2024 37 0 0
1009 15 13 4 2024 37 0 0
1009 16 15 4 2024 37 0 0
1009 16 16 4 2024 37 0 0
1009 16 17 4 2024 37 0 0
1009 16 18 4 2024 37 0 0
1009 16 19 4 2024 38 0 1
1009 16 20 4 2024 38 0 1
1010 14 1 4 2024 36 0 0
1010 14 2 4 2024 37 0 0
1010 14 3 4 2024 37 0 0
1010 14 4 4 2024 36 0 0
1010 14 5 4 2024 36 0 0
1010 14 6 4 2024 36 0 0
1010 15 8 4 2024 36 0 0
1010 15 9 4 2024 36 0 0
1010 15 10 4 2024 36 0 0
1010 15 11 4 2024 36 0 0
1010 15 12 4 2024 36 0 0
1010 15 13 4 2024 36 0 0
1010 16 15 4 2024 36 0 0
1010 16 16 4 2024 36 0 0
1010 16 17 4 2024 36 0 0
1010 16 18 4 2024 36 0 0
1010 16 19 4 2024 36 0 0
1010 16 20 4 2024 36 0 0
1011 14 1 4 2024 36 0 0
1011 14 2 4 2024 37 0 0
1011 14 3 4 2024 37 0 0
1011 14 4 4 2024 36 0 0
1011 14 5 4 2024 37 0 0
1011 14 6 4 2024 37 0 0
1011 15 8 4 2024 37 0 0
1011 15 9 4 2024 37 0 0
1011 15 10 4 2024 36 0 0
1011 15 11 4 2024 37 0 0
1011 15 12 4 2024 37 0 0
1011 15 13 4 2024 36 0 0
1011 16 15 4 2024 37 0 0
1011 16 16 4 2024 37 0 0
1011 16 17 4 2024 37 0 0
1011 16 18 4 2024 37 0 0
1011 16 19 4 2024 36 0 0
1011 16 20 4 2024 37 0 0
1012 14 1 4 2024 35 0 0
1012 14 2 4 2024 37 0 0
1012 14 3 4 2024 37 0 0
1012 14 4 4 2024 35 0 0
1012 14 5 4 2024 35 0 0
1012 14 6 4 2024 36 0 0
1012 15 8 4 2024 36 0 0
1012 15 9 4 2024 36 0 0
1012 15 10 4 2024 36 0 0
1012 15 11 4 2024 36 0 0
1012 15 12 4 2024 36 0 0
1012 15 13 4 2024 37 0 0
1012 16 15 4 2024 36 0 0
1012 16 16 4 2024 36 0 0
1012 16 17 4 2024 36 0 0
1012 16 18 4 2024 37 0 0
1012 16 19 4 2024 36 0 0
1012 16 20 4 2024 36 0 0
1013 14 1 4 2024 37 0 0
1013 14 2 4 2024 37 0 0
1013 14 3 4 2024 37 0 0
1013 14 4 4 2024 36 0 0
1013 14 5 4 2024 36.3 0 0
1013 14 6 4 2024 36.4 0 0
1013 15 8 4 2024 36 0 0
1013 15 9 4 2024 36 0 0
1013 15 10 4 2024 36.5 0 0
1013 15 11 4 2024 36 0 0
1013 15 12 4 2024 36 0 0
1013 15 13 4 2024 37 0 0
1013 16 15 4 2024 37 0 0
1013 16 16 4 2024 37 0 0
1013 16 17 4 2024 36 0 0
1013 16 18 4 2024 36 0 0
1013 16 19 4 2024 36 0 0
1013 16 20 4 2024 37 0 0
1014 14 1 4 2024 37 0 0
1014 14 2 4 2024 37 0 0
1014 14 3 4 2024 37 0 0
1014 14 4 4 2024 35 0 0
1014 14 5 4 2024 35 0 0
1014 14 6 4 2024 35 0 0
1014 15 8 4 2024 35 0 0
1014 15 9 4 2024 36 0 0
1014 15 10 4 2024 36 0 0
1014 15 11 4 2024 36.3 0 0
1014 15 12 4 2024 36 0 0
1014 15 13 4 2024 36 0 0
1014 16 15 4 2024 36 0 0
1014 16 16 4 2024 36 0 0
1014 16 17 4 2024 35.9 0 0
1014 16 18 4 2024 36 0 0
1014 16 19 4 2024 36 0 0
1014 16 20 4 2024 35.7 0 0
1015 14 1 4 2024 38 0 1
1015 14 2 4 2024 37 0 0
1015 14 3 4 2024 37 0 0
1015 14 4 4 2024 37 0 0
1015 14 5 4 2024 37 0 0
1015 14 6 4 2024 38 0 1
1015 15 8 4 2024 37 0 0
1015 15 9 4 2024 37 0 0
1015 15 10 4 2024 37 0 0
1015 15 11 4 2024 37 0 0
1015 15 12 4 2024 37 0 0
1015 15 13 4 2024 37 0 0
1015 16 15 4 2024 37 0 0
1015 16 16 4 2024 37 0 0
1015 16 17 4 2024 37 0 0
1015 16 18 4 2024 37 0 0
1015 16 19 4 2024 37 0 0
1015 16 20 4 2024 37 0 0
1016 14 1 4 2024 36 0 0
1016 14 2 4 2024 36 0 0
1016 14 3 4 2024 37 0 0
1016 14 4 4 2024 36 0 0
1016 14 5 4 2024 36 0 0
1016 14 6 4 2024 36 0 0
1016 15 8 4 2024 36 0 0
1016 15 9 4 2024 37 0 0
1016 15 10 4 2024 36.9 0 0
1016 15 11 4 2024 36 0 0
1016 15 12 4 2024 36 0 0
1016 15 13 4 2024 37 0 0
1016 16 15 4 2024 36 0 0
1016 16 16 4 2024 35.5 0 0
1016 16 17 4 2024 36 0 0
1016 16 18 4 2024 36 0 0
1016 16 19 4 2024 37 0 0
1016 16 20 4 2024 36 0 0
1017 14 1 4 2024 37 0 0
1017 14 2 4 2024 37 0 0
1017 14 3 4 2024 37 0 0
1017 14 4 4 2024 37 0 0
1017 14 5 4 2024 37 0 0
1017 14 6 4 2024 36 0 0
1017 15 8 4 2024 36 0 0
1017 15 9 4 2024 37 0 0
1017 15 10 4 2024 37 0 0
1017 15 11 4 2024 37 0 0
1017 15 12 4 2024 36 0 0
1017 15 13 4 2024 36 0 0
1017 16 15 4 2024 36 0 0
1017 16 16 4 2024 36 0 0
1017 16 17 4 2024 36 0 0
1017 16 18 4 2024 37 0 0
1017 16 19 4 2024 37 0 0
1017 16 20 4 2024 39 1 1
1018 14 1 4 2024 36 0 0
1018 14 2 4 2024 36 0 0
1018 14 3 4 2024 36 0 0
1018 14 4 4 2024 36 0 0
1018 14 5 4 2024 36 0 0
1018 14 6 4 2024 36 0 0
1018 15 8 4 2024 36 0 0
1018 15 9 4 2024 36 0 0
1018 15 10 4 2024 36 0 0
1018 15 11 4 2024 36 0 0
1018 15 12 4 2024 36 0 0
1018 15 13 4 2024 36 0 0
1018 16 15 4 2024 36 0 0
1018 16 16 4 2024 35 0 0
1018 16 17 4 2024 35 0 0
1018 16 18 4 2024 35 0 0
1018 16 19 4 2024 35 0 0
1018 16 20 4 2024 36 0 0
1019 14 1 4 2024 37 0 0
1019 14 2 4 2024 37 0 0
1019 14 3 4 2024 37 0 0
1019 14 4 4 2024 37 0 0
1019 14 5 4 2024 37 0 0
1019 14 6 4 2024 37 0 0
1019 15 8 4 2024 37 0 0
1019 15 9 4 2024 37 0 0
1019 15 10 4 2024 37 0 0
1019 15 11 4 2024 35 0 0
1019 15 12 4 2024 35 0 0
1019 15 13 4 2024 37 0 0
1019 16 15 4 2024 37 0 0
1019 16 16 4 2024 36 1 0
1019 16 17 4 2024 36 1 0
1019 16 18 4 2024 36 1 0
1019 16 19 4 2024 36 1 0
1019 16 20 4 2024 37 0 0
1020 14 1 4 2024 39 0 1
1020 14 2 4 2024 36 0 0
1020 14 3 4 2024 37 0 0
1020 14 4 4 2024 37 0 0
1020 14 5 4 2024 37 0 0
1020 14 6 4 2024 37 0 0
1020 15 8 4 2024 37 0 0
1020 15 9 4 2024 36 0 0
1020 15 10 4 2024 36 0 0
1020 15 11 4 2024 36 0 0
1020 15 12 4 2024 36 0 0
1020 15 13 4 2024 36 0 0
1020 16 15 4 2024 36 0 0
1020 16 16 4 2024 37 0 0
1020 16 17 4 2024 37.5 0 0
1020 16 18 4 2024 36 0 0
1020 16 19 4 2024 36 0 0
1020 16 20 4 2024 37 0 0