1001 14 4 2024 33 0 0
1001 2 1 2024 31 0 0
1001 3 1 2024 30 0 0
1001 4 1 2024 34 0 0
1001 5 1 2024 35 0 1
1001 9 1 2024 33 0 0
1001 10 1 2024 32 0 0
1002 2 1 2024 36 0 0
1002 3 1 2024 37.5 0 0
1002 4 1 2024 36 0 0
1002 5 1 2024 37 0 0
1002 9 1 2024 36.7 0 0
1002 10 1 2024 36 0 0
1002 11 1 2024 35.9 0 0
1002 12 1 2024 36.3 0 0
1002 13 1 2024 37 0 0
1001 11 1 2024 37 0 0
1001 12 1 2024 39 0 1
1001 13 1 2024 39 0 1
1001 1 4 2024 37 0 0
1001 2 4 2024 37 0 0
1001 3 4 2024 38 0 1
1001 4 4 2024 37 0 0
1001 5 4 2024 37 0 0
1001 6 4 2024 37 0 0
1001 8 4 2024 37 0 0
1001 9 4 2024 37 0 0
1001 10 4 2024 38 0 1
1001 11 4 2024 37 0 0
1001 12 4 2024 37 0 0
1001 13 4 2024 37 0 0
1001 15 4 2024 38 0 1
1001 16 4 2024 38 0 1
1001 17 4 2024 37 0 0
1001 18 4 2024 37 0 0
1001 19 4 2024 37 0 0
1001 20 4 2024 37 0 0
1002  1 4 2024 37 0 0
1002  2 4 2024 36 0 0
1002  3 4 2024 36 0 0
1002  4 4 2024 36 0 0
1002  5 4 2024 37 0 0
1002  6 4 2024 37 0 0
1002  8 4 2024 37 0 0
1002  9 4 2024 37 0 0
1002  10 4 2024 38 0 1
1002  11 4 2024 38 0 1
1002  12 4 2024 37 0 0
1002  13 4 2024 36 0 0
1002  15 4 2024 36 0 0
1002  16 4 2024 36 0 0
1002  17 4 2024 37 0 0
1002  18 4 2024 37 0 0
1002  19 4 2024 37 0 0
1002  20 4 2024 37 0 0
1003  1 4 2024 35 0 0
1003  2 4 2024 36 0 0
1003  3 4 2024 37 0 0
1003  4 4 2024 36 0 0
1003  5 4 2024 35 0 0
1003  6 4 2024 36 0 0
1003  8 4 2024 36 0 0
1003  9 4 2024 36 0 0
1003  10 4 2024 37 0 0
1003  11 4 2024 36 0 0
1003  12 4 2024 37 0 0
1003  13 4 2024 39 0 1
1003  15 4 2024 39 0 1
1003  16 4 2024 36 0 0
1003  17 4 2024 36 0 0
1003  18 4 2024 37 0 0
1003  19 4 2024 37 0 0
1003  20 4 2024 35 0 0
1004  1 4 2024 35 0 0
1004  2 4 2024 35 0 0
1004  3 4 2024 35 0 0
1004  4 4 2024 35 0 0
1004  5 4 2024 35 0 0
1004  6 4 2024 35 0 0
1004  8 4 2024 35 0 0
1004  9 4 2024 35 0 0
1004  10 4 2024 35 0 0
1004  11 4 2024 35 0 0
1004  12 4 2024 35 0 0
1004  13 4 2024 35 0 0
1004  15 4 2024 35 0 0
1004  16 4 2024 35 0 0
1004  17 4 2024 36 0 0
1004  18 4 2024 38 0 0
1004  19 4 2024 38 0 1
1004  20 4 2024 38 0 1
1005  1 4 2024 35 0 0
1005  2 4 2024 36 0 0
1005  3 4 2024 36 0 0
1005  4 4 2024 36 0 0
1005  5 4 2024 36 0 0
1005  6 4 2024 35 0 0
1005  8 4 2024 35 0 0
1005  9 4 2024 35 0 0
1005  10 4 2024 35 0 0
1005  11 4 2024 36 0 0
1005  12 4 2024 37 0 0
1005  13 4 2024 36 0 0
1005  15 4 2024 37 0 0
1005  16 4 2024 36 0 0
1005  17 4 2024 36 0 0
1005  18 4 2024 36 0 0
1005  19 4 2024 36 0 0
1005  20 4 2024 36 0 0
1006  1 4 2024 36 0 0
1006  2 4 2024 36 0 0
1006  3 4 2024 35 0 0
1006  4 4 2024 36 0 0
1006  5 4 2024 35 0 0
1006  6 4 2024 35 0 0
1006  8 4 2024 35 0 0
1006  9 4 2024 36 0 0
1006  10 4 2024 37 0 0
1006  11 4 2024 37 0 0
1006  12 4 2024 36 0 0
1006  13 4 2024 37 0 0
1006  15 4 2024 35 0 0
1006  16 4 2024 35 0 0
1006  17 4 2024 36 0 0
1006  18 4 2024 37 0 0
1006  19 4 2024 37 0 0
1006  20 4 2024 39 0 1
1007  1 4 2024 37 0 0
1007  2 4 2024 37 0 0
1007  3 4 2024 37 0 0
1007  4 4 2024 37 0 0
1007  5 4 2024 37 0 0
1007  6 4 2024 36 0 0
1007  8 4 2024 36 0 0
1007  9 4 2024 36 0 0
1007  10 4 2024 37 0 0
1007  11 4 2024 37 0 0
1007  12 4 2024 37 0 0
1007  13 4 2024 37 0 0
1007  15 4 2024 36 0 0
1007  16 4 2024 37 0 0
1007  17 4 2024 36 0 0
1007  18 4 2024 37 0 0
1007  19 4 2024 36 0 0
1007  20 4 2024 37 0 0
1008  1 4 2024 37 0 0
1008  2 4 2024 35 0 0
1008  3 4 2024 37 0 0
1008  4 4 2024 35 0 0
1008  5 4 2024 35 0 0
1008  6 4 2024 35 0 0
1008  8 4 2024 35 0 0
1008  9 4 2024 35 0 0
1008  10 4 2024 35 0 0
1008  11 4 2024 35 0 0
1008  12 4 2024 35 0 0
1008  13 4 2024 35 0 0
1008  15 4 2024 35 0 0
1008  16 4 2024 35 0 0
1008  17 4 2024 36 0 0
1008  18 4 2024 35 0 0
1008  19 4 2024 35 0 0
1008  20 4 2024 35 0 0
1009  1 4 2024 37 0 0
1009  2 4 2024 37 0 0
1009  3 4 2024 37 0 0
1009  4 4 2024 37 0 0
1009  5 4 2024 37 0 0
1009  6 4 2024 37 0 0
1009  8 4 2024 37 0 0
1009  9 4 2024 36 0 0
1009  10 4 2024 37 0 0
1009  11 4 2024 37 0 0
1009  12 4 2024 37 0 0
1009  13 4 2024 37 0 0
1009  15 4 2024 37 0 0
1009  16 4 2024 37 0 0
1009  17 4 2024 37 0 0
1009  18 4 2024 37 0 0
1009  19 4 2024 38 0 1
1009  20 4 2024 38 0 1
1010  1 4 2024 36 0 0
1010  2 4 2024 37 0 0
1010  3 4 2024 37 0 0
1010  4 4 2024 36 0 0
1010  5 4 2024 36 0 0
1010  6 4 2024 36 0 0
1010  8 4 2024 36 0 0
1010  9 4 2024 36 0 0
1010  10 4 2024 36 0 0
1010  11 4 2024 36 0 0
1010  12 4 2024 36 0 0
1010  13 4 2024 36 0 0
1010  15 4 2024 36 0 0
1010  16 4 2024 36 0 0
1010  17 4 2024 36 0 0
1010  18 4 2024 36 0 0
1010  19 4 2024 36 0 0
1010  20 4 2024 36 0 0
1011  1 4 2024 36 0 0
1011  2 4 2024 37 0 0
1011  3 4 2024 37 0 0
1011  4 4 2024 36 0 0
1011  5 4 2024 37 0 0
1011  6 4 2024 37 0 0
1011  8 4 2024 37 0 0
1011  9 4 2024 37 0 0
1011  10 4 2024 36 0 0
1011  11 4 2024 37 0 0
1011  12 4 2024 37 0 0
1011  13 4 2024 36 0 0
1011  15 4 2024 37 0 0
1011  16 4 2024 37 0 0
1011  17 4 2024 37 0 0
1011  18 4 2024 37 0 0
1011  19 4 2024 36 0 0
1011  20 4 2024 37 0 0
1012  1 4 2024 35 0 0
1012  2 4 2024 37 0 0
1012  3 4 2024 37 0 0
1012  4 4 2024 35 0 0
1012  5 4 2024 35 0 0
1012  6 4 2024 36 0 0
1012  8 4 2024 36 0 0
1012  9 4 2024 36 0 0
1012  10 4 2024 36 0 0
1012  11 4 2024 36 0 0
1012  12 4 2024 36 0 0
1012  13 4 2024 37 0 0
1012  15 4 2024 36 0 0
1012  16 4 2024 36 0 0
1012  17 4 2024 36 0 0
1012  18 4 2024 37 0 0
1012  19 4 2024 36 0 0
1012  20 4 2024 36 0 0
1013  1 4 2024 37 0 0
1013  2 4 2024 37 0 0
1013  3 4 2024 37 0 0
1013  4 4 2024 36 0 0
1013  5 4 2024 36.3 0 0
1013  6 4 2024 36.4 0 0
1013  8 4 2024 36 0 0
1013  9 4 2024 36 0 0
1013  10 4 2024 36.5 0 0
1013  11 4 2024 36 0 0
1013  12 4 2024 36 0 0
1013  13 4 2024 37 0 0
1013  15 4 2024 37 0 0
1013  16 4 2024 37 0 0
1013  17 4 2024 36 0 0
1013  18 4 2024 36 0 0
1013  19 4 2024 36 0 0
1013  20 4 2024 37 0 0
1014  1 4 2024 37 0 0
1014  2 4 2024 37 0 0
1014  3 4 2024 37 0 0
1014  4 4 2024 35 0 0
1014  5 4 2024 35 0 0
1014  6 4 2024 35 0 0
1014  8 4 2024 35 0 0
1014  9 4 2024 36 0 0
1014  10 4 2024 36 0 0
1014  11 4 2024 36.3 0 0
1014  12 4 2024 36 0 0
1014  13 4 2024 36 0 0
1014  15 4 2024 36 0 0
1014  16 4 2024 36 0 0
1014  17 4 2024 35.9 0 0
1014  18 4 2024 36 0 0
1014  19 4 2024 36 0 0
1014  20 4 2024 35.7 0 0
1015  1 4 2024 38 0 1
1015  2 4 2024 37 0 0
1015  3 4 2024 37 0 0
1015  4 4 2024 37 0 0
1015  5 4 2024 37 0 0
1015  6 4 2024 38 0 1
1015  8 4 2024 37 0 0
1015  9 4 2024 37 0 0
1015  10 4 2024 37 0 0
1015  11 4 2024 37 0 0
1015  12 4 2024 37 0 0
1015  13 4 2024 37 0 0
1015  15 4 2024 37 0 0
1015  16 4 2024 37 0 0
1015  17 4 2024 37 0 0
1015  18 4 2024 37 0 0
1015  19 4 2024 37 0 0
1015  20 4 2024 37 0 0
1016  1 4 2024 36 0 0
1016  2 4 2024 36 0 0
1016  3 4 2024 37 0 0
1016  4 4 2024 36 0 0
1016  5 4 2024 36 0 0
1016  6 4 2024 36 0 0
1016  8 4 2024 36 0 0
1016  9 4 2024 37 0 0
1016  10 4 2024 36.9 0 0
1016  11 4 2024 36 0 0
1016  12 4 2024 36 0 0
1016  13 4 2024 37 0 0
1016  15 4 2024 36 0 0
1016  16 4 2024 35.5 0 0
1016  17 4 2024 36 0 0
1016  18 4 2024 36 0 0
1016  19 4 2024 37 0 0
1016  20 4 2024 36 0 0
1017  1 4 2024 37 0 0
1017  2 4 2024 37 0 0
1017  3 4 2024 37 0 0
1017  4 4 2024 37 0 0
1017  5 4 2024 37 0 0
1017  6 4 2024 36 0 0
1017  8 4 2024 36 0 0
1017  9 4 2024 37 0 0
1017  10 4 2024 37 0 0
1017  11 4 2024 37 0 0
1017  12 4 2024 36 0 0
1017  13 4 2024 36 0 0
1017  15 4 2024 36 0 0
1017  16 4 2024 36 0 0
1017  17 4 2024 36 0 0
1017  18 4 2024 37 0 0
1017  19 4 2024 37 0 0
1017  20 4 2024 39 1 1
1018  1 4 2024 36 0 0
1018  2 4 2024 36 0 0
1018  3 4 2024 36 0 0
1018  4 4 2024 36 0 0
1018  5 4 2024 36 0 0
1018  6 4 2024 36 0 0
1018  8 4 2024 36 0 0
1018  9 4 2024 36 0 0
1018  10 4 2024 36 0 0
1018  11 4 2024 36 0 0
1018  12 4 2024 36 0 0
1018  13 4 2024 36 0 0
1018  15 4 2024 36 0 0
1018  16 4 2024 35 0 0
1018  17 4 2024 35 0 0
1018  18 4 2024 35 0 0
1018  19 4 2024 35 0 0
1018  20 4 2024 36 0 0
1019  1 4 2024 37 0 0
1019  2 4 2024 37 0 0
1019  3 4 2024 37 0 0
1019  4 4 2024 37 0 0
1019  5 4 2024 37 0 0
1019  6 4 2024 37 0 0
1019  8 4 2024 37 0 0
1019  9 4 2024 37 0 0
1019  10 4 2024 37 0 0
1019  11 4 2024 35 0 0
1019  12 4 2024 35 0 0
1019  13 4 2024 37 0 0
1019  15 4 2024 37 0 0
1019  16 4 2024 36 1 0
1019  17 4 2024 36 1 0
1019  18 4 2024 36 1 0
1019  19 4 2024 36 1 0
1019  20 4 2024 37 0 0
1020  1 4 2024 39 0 1
1020  2 4 2024 36 0 0
1020  3 4 2024 37 0 0
1020  4 4 2024 37 0 0
1020  5 4 2024 37 0 0
1020  6 4 2024 37 0 0
1020  8 4 2024 37 0 0
1020  9 4 2024 36 0 0
1020  10 4 2024 36 0 0
1020  11 4 2024 36 0 0
1020  12 4 2024 36 0 0
1020  13 4 2024 36 0 0
1020  15 4 2024 36 0 0
1020  16 4 2024 37 0 0
1020  17 4 2024 37.5 0 0
1020  18 4 2024 36 0 0
1020  19 4 2024 36 0 0
1020  20 4 2024 37 0 0